0,527
0,273
0,270
10,126
11,13
9,5
8,14
3,2
3,1
3,3
10,237
10,69
10,16
10,207
10,32
10,291
10,66
10,111
10,2
10,3
11,15
11,11
11,20
11,14
11,2
11,3
9,7
9,2
9,3
8,7
8,15
8,13
8,12
74,4
8,17
74,3
8,2
74,2
74,1
8,3
74,0
73,4
73,3
73,2
73,1
73,0
72,5
72,4
72,3
72,2
72,1
12,2
72,0
70,5
70,4
70,3
70,2
70,1
70,0
69,4
69,3
69,2
69,1
69,0
68,4
68,3
68,2
68,1
68,0
67,4
67,3
67,2
67,1
67,0
66,4
66,3
66,2
66,1
66,0
64,6
64,5
64,4
64,3
64,2
64,1
64,0
54,3
54,2
54,1
54,0
51,4
51,3
51,2
51,1
51,0
49,4
49,3
49,1
46,5
46,3
46,1
45,5
45,3
45,1
42,5
42,4
42,3
42,1
40,5
40,4
40,3
40,1
36,5
36,3
36,1
35,4
35,3
35,1
34,5
34,4
34,3
34,1
30,4
30,3
30,1
